queue_size: 1

rate: 60

# 80 degree
sail_limits: 1.3962634

# pi/4 radians
rudder_limits: 0.7853981633974483

pid_coefficients:
    kp: 1
    ki: 0.1
    kd: 0.05
