queue_size: 1

rate: 60

# pi/5.2 radians
sail_limits: 0.60415243338

# pi/4 radians
rudder_limits: 0.7853981633974483

pid_coefficients:
    kp: 1
    ki: 0.1
    kd: 0.05
